Year,Country of origin,Refugees under UNHCR's mandate,Asylum-seekers,Total_count
2012,Afghanistan,9845,1262,11107
2012,Albania,1139,696,1835
2012,Algeria,636,228,864
2012,Angola,1156,48,1204
2012,Egypt,204,150,354
2012,Armenia,30,20,50
2012,Azerbaijan,86,20,106
2012,Bahrain,101,29,130
2012,Burundi,889,12,901
2012,Benin,10,5,15
2012,Bangladesh,1425,562,1987
2012,Bhutan,100,6,106
2012,Burkina Faso,6,6,12
2012,Belarus,145,18,163
2012,Bolivia (Plurinational State of),19,18,37
2012,Botswana,11,12,23
2012,Brazil,9,16,25
2012,Bosnia and Herzegovina,55,11,66
2012,Bulgaria,11,6,17
2012,Canada,5,5,10
2012,Central African Rep.,5,5,10
2012,Chad,46,11,57
2012,China,2158,793,2951
2012,Cameroon,763,101,864
2012,Congo,500,34,534
2012,Dem. Rep. of the Congo,3313,235,3548
2012,Comoros,0,5,5
2012,Colombia,341,19,360
2012,Cuba,16,7,23
2012,Cabo Verde,0,5,5
2012,Cyprus,5,0,5
2012,Czechia,35,0,35
2012,Dominica,0,5,5
2012,Ecuador,97,0,97
2012,Eritrea,9903,375,10278
2012,Ethiopia,1508,112,1620
2012,Fiji,8,0,8
2012,Gambia,794,286,1080
2012,Palestinian,282,173,455
2012,United Kingdom of Great Britain and Northern Ireland,8,0,8
2012,Georgia,66,27,93
2012,Ghana,200,132,332
2012,Guinea-Bissau,9,0,9
2012,Greece,0,5,5
2012,Grenada,5,5,10
2012,Guatemala,5,0,5
2012,Guinea,413,63,476
2012,Guyana,12,5,17
2012,Honduras,16,13,29
2012,Croatia,16,5,21
2012,Hungary,0,5,5
2012,Cote d'Ivoire,548,74,622
2012,India,347,562,909
2012,Indonesia,9,15,24
2012,Iran (Islamic Rep. of),11433,1960,13393
2012,Iraq,5755,487,6242
2012,Israel,12,0,12
2012,Jamaica,472,104,576
2012,Jordan,27,19,46
2012,Kazakhstan,5,5,10
2012,Kenya,469,94,563
2012,Kyrgyzstan,21,6,27
2012,Rep. of Korea,5,12,17
2012,Dem. People's Rep. of Korea,619,40,659
2012,Kuwait,584,38,622
2012,Liberia,307,16,323
2012,Libya,655,350,1005
2012,Saint Lucia,5,5,10
2012,Lebanon,107,67,174
2012,Sri Lanka,4475,1840,6315
2012,Lithuania,7,5,12
2012,Mauritania,9,0,9
2012,North Macedonia,83,6,89
2012,Rep. of Moldova,162,0,162
2012,Maldives,9,0,9
2012,Mexico,5,10,15
2012,Mali,13,9,22
2012,Malaysia,50,19,69
2012,Malawi,171,129,300
2012,Mongolia,83,38,121
2012,Morocco,91,45,136
2012,Mozambique,5,5,10
2012,Mauritius,25,51,76
2012,Myanmar,863,55,918
2012,Namibia,5,11,16
2012,Nepal,119,22,141
2012,Niger,5,5,10
2012,Nigeria,1166,983,2149
2012,Oman,5,0,5
2012,Pakistan,4751,2926,7677
2012,Panama,5,0,5
2012,Peru,5,0,5
2012,Philippines,5,10,15
2012,Poland,51,34,85
2012,Romania,233,10,243
2012,South Africa,119,64,183
2012,Russian Federation,1106,125,1231
2012,Rwanda,431,27,458
2012,El Salvador,5,10,15
2012,Saudi Arabia,37,6,43
2012,Senegal,42,31,73
2012,Sierra Leone,640,111,751
2012,Somalia,15134,475,15609
2012,Serbia and Kosovo: S/RES/1244 (1999),2328,35,2363
2012,Viet Nam,908,277,1185
2012,Stateless,727,97,824
2012,Sudan,3750,288,4038
2012,Eswatini,15,5,20
2012,Syrian Arab Rep.,1717,389,2106
2012,United Rep. of Tanzania,84,43,127
2012,Thailand,25,5,30
2012,Tajikistan,5,0,5
2012,Turkmenistan,37,0,37
2012,Togo,48,14,62
2012,Trinidad and Tobago,22,22,44
2012,Tunisia,32,13,45
2012,Türkiye,4171,253,4424
2012,United Arab Emirates,7,0,7
2012,Uganda,1269,197,1466
2012,Unknown ,34252,32,34284
2012,Ukraine,192,52,244
2012,United States of America,14,15,29
2012,Uzbekistan,52,17,69
2012,Saint Vincent and the Grenadines,5,0,5
2012,Venezuela (Bolivarian Republic of),17,5,22
2012,Western Sahara,6,5,11
2012,Yemen,209,61,270
2012,Zambia,39,15,54
2012,Zimbabwe,12158,584,12742
2013,Afghanistan,9166,1430,10596
2013,Albania,1171,1249,2420
2013,Algeria,447,216,663
2013,Angola,601,58,659
2013,Egypt,289,209,498
2013,Armenia,26,20,46
2013,Azerbaijan,86,31,117
2013,Bahrain,115,16,131
2013,Barbados,0,5,5
2013,Burundi,392,9,401
2013,Benin,10,0,10
2013,Bangladesh,1110,677,1787
2013,Bhutan,97,5,102
2013,Burkina Faso,6,6,12
2013,Belarus,155,8,163
2013,Bolivia (Plurinational State of),14,22,36
2013,Botswana,11,16,27
2013,Brazil,12,21,33
2013,Bosnia and Herzegovina,51,16,67
2013,Bulgaria,9,5,14
2013,Canada,6,5,11
2013,Central African Rep.,6,6,12
2013,Chad,39,14,53
2013,China,1966,989,2955
2013,Cameroon,591,106,697
2013,Congo,290,41,331
2013,Dem. Rep. of the Congo,2409,277,2686
2013,Comoros,0,5,5
2013,Colombia,162,16,178
2013,Cuba,15,5,20
2013,Cabo Verde,5,0,5
2013,Cyprus,5,0,5
2013,Czechia,5,5,10
2013,Ecuador,34,5,39
2013,Eritrea,10010,800,10810
2013,Ethiopia,1122,145,1267
2013,Fiji,8,0,8
2013,Gambia,937,294,1231
2013,Palestinian,322,161,483
2013,United Kingdom of Great Britain and Northern Ireland,0,9,9
2013,Georgia,56,45,101
2013,Ghana,191,147,338
2013,Guinea-Bissau,9,0,9
2013,Grenada,6,5,11
2013,Guatemala,5,0,5
2013,Guinea,397,59,456
2013,Guyana,14,7,21
2013,Honduras,17,5,22
2013,Croatia,15,5,20
2013,Cote d'Ivoire,422,80,502
2013,India,282,696,978
2013,Indonesia,11,15,26
2013,Iran (Islamic Rep. of),11368,2270,13638
2013,Iraq,3193,541,3734
2013,Israel,12,7,19
2013,Jamaica,411,113,524
2013,Jordan,30,28,58
2013,Kazakhstan,6,10,16
2013,Kenya,336,87,423
2013,Kyrgyzstan,23,5,28
2013,Rep. of Korea,7,9,16
2013,Dem. People's Rep. of Korea,630,56,686
2013,Kuwait,645,63,708
2013,Liberia,106,16,122
2013,Libya,828,447,1275
2013,Saint Lucia,5,8,13
2013,Lebanon,102,78,180
2013,Sri Lanka,4398,2396,6794
2013,Lithuania,0,10,10
2013,Latvia,0,9,9
2013,Mauritania,11,0,11
2013,North Macedonia,27,8,35
2013,Rep. of Moldova,75,5,80
2013,Maldives,12,0,12
2013,Mexico,5,5,10
2013,Mali,15,14,29
2013,Malaysia,57,29,86
2013,Malawi,217,152,369
2013,Mongolia,87,50,137
2013,Morocco,107,63,170
2013,Mozambique,5,5,10
2013,Mauritius,37,55,92
2013,Myanmar,858,71,929
2013,Namibia,7,11,18
2013,Nepal,118,24,142
2013,Niger,5,5,10
2013,Nigeria,1244,1251,2495
2013,Norway,0,5,5
2013,Oman,5,0,5
2013,Pakistan,5297,3087,8384
2013,Philippines,5,20,25
2013,Poland,9,75,84
2013,Romania,160,15,175
2013,South Africa,125,57,182
2013,Russian Federation,817,117,934
2013,Rwanda,216,38,254
2013,El Salvador,5,19,24
2013,Saudi Arabia,46,19,65
2013,Senegal,52,28,80
2013,Sierra Leone,457,103,560
2013,Somalia,11249,503,11752
2013,Serbia and Kosovo: S/RES/1244 (1999),963,51,1014
2013,Viet Nam,710,336,1046
2013,Stateless,847,165,1012
2013,Sudan,3802,440,4242
2013,Eswatini,19,5,24
2013,Syrian Arab Rep.,3169,641,3810
2013,United Rep. of Tanzania,57,35,92
2013,Thailand,26,8,34
2013,Tajikistan,5,0,5
2013,Turkmenistan,35,0,35
2013,Togo,38,14,52
2013,Trinidad and Tobago,23,29,52
2013,Tunisia,34,32,66
2013,Türkiye,2348,343,2691
2013,United Arab Emirates,7,6,13
2013,Uganda,980,219,1199
2013,Unknown ,25617,2090,27707
2013,Ukraine,124,68,192
2013,United States of America,17,16,33
2013,Uzbekistan,57,11,68
2013,Saint Vincent and the Grenadines,6,0,6
2013,Venezuela (Bolivarian Republic of),17,8,25
2013,Western Sahara,10,7,17
2013,Yemen,224,56,280
2013,Zambia,44,27,71
2013,Zimbabwe,10302,540,10842
2014,Afghanistan,9054,1894,10948
2014,Albania,1371,1968,3339
2014,Algeria,378,241,619
2014,Angola,375,61,436
2014,Egypt,351,326,677
2014,Armenia,34,27,61
2014,Australia,5,0,5
2014,Azerbaijan,86,17,103
2014,Bahrain,124,13,137
2014,Barbados,0,5,5
2014,Burundi,163,14,177
2014,Benin,10,5,15
2014,Bangladesh,930,844,1774
2014,Bhutan,91,5,96
2014,Burkina Faso,6,7,13
2014,Belarus,175,8,183
2014,Bolivia (Plurinational State of),18,9,27
2014,Botswana,11,24,35
2014,Brazil,13,15,28
2014,Bosnia and Herzegovina,49,12,61
2014,Bulgaria,7,0,7
2014,Canada,6,9,15
2014,Central African Rep.,9,5,14
2014,Chad,39,16,55
2014,China,1847,1329,3176
2014,Cameroon,454,162,616
2014,Congo,187,54,241
2014,Dem. Rep. of the Congo,1868,332,2200
2014,Comoros,5,0,5
2014,Colombia,105,17,122
2014,Costa Rica,0,5,5
2014,Cuba,17,0,17
2014,Cabo Verde,5,0,5
2014,Cyprus,5,0,5
2014,Djibouti,5,0,5
2014,Ecuador,25,0,25
2014,Eritrea,11579,1660,13239
2014,Ethiopia,833,266,1099
2014,Fiji,8,0,8
2014,Gambia,1105,312,1417
2014,Palestinian,321,246,567
2014,Georgia,39,59,98
2014,Ghana,206,142,348
2014,Guinea-Bissau,7,0,7
2014,Grenada,7,10,17
2014,Guatemala,5,0,5
2014,Guinea,365,59,424
2014,Guyana,13,5,18
2014,Honduras,23,12,35
2014,Croatia,11,5,16
2014,Cote d'Ivoire,359,79,438
2014,India,282,751,1033
2014,Indonesia,9,16,25
2014,Iran (Islamic Rep. of),11516,2714,14230
2014,Iraq,2952,986,3938
2014,Israel,11,11,22
2014,Jamaica,373,131,504
2014,Jordan,34,41,75
2014,Kazakhstan,5,16,21
2014,Kenya,303,96,399
2014,Kyrgyzstan,23,5,28
2014,Rep. of Korea,7,11,18
2014,Dem. People's Rep. of Korea,622,59,681
2014,Kuwait,661,105,766
2014,Liberia,44,14,58
2014,Libya,930,895,1825
2014,Saint Lucia,6,6,12
2014,Lebanon,114,123,237
2014,Sri Lanka,4696,2908,7604
2014,Lithuania,0,14,14
2014,Latvia,0,8,8
2014,Mauritania,7,5,12
2014,North Macedonia,18,5,23
2014,Rep. of Moldova,39,0,39
2014,Maldives,12,0,12
2014,Mexico,6,14,20
2014,Mali,18,18,36
2014,Malaysia,69,40,109
2014,Malawi,233,179,412
2014,Mongolia,75,47,122
2014,Morocco,121,81,202
2014,Mozambique,5,5,10
2014,Mauritius,35,59,94
2014,Myanmar,891,165,1056
2014,Namibia,7,22,29
2014,Nepal,110,33,143
2014,Niger,6,5,11
2014,Nigeria,1471,1597,3068
2014,Norway,5,0,5
2014,Oman,6,9,15
2014,Pakistan,5667,3852,9519
2014,Philippines,5,33,38
2014,Poland,5,45,50
2014,Portugal,0,5,5
2014,Qatar,5,0,5
2014,Romania,64,5,69
2014,South Africa,134,70,204
2014,Russian Federation,576,170,746
2014,Rwanda,133,27,160
2014,El Salvador,6,27,33
2014,Saudi Arabia,53,34,87
2014,Senegal,55,38,93
2014,Singapore,0,5,5
2014,Sierra Leone,367,124,491
2014,Somalia,8512,568,9080
2014,Serbia and Kosovo: S/RES/1244 (1999),410,41,451
2014,Viet Nam,546,427,973
2014,South Sudan,9,9,18
2014,Stateless,1101,274,1375
2014,Sudan,4089,984,5073
2014,Eswatini,27,21,48
2014,Syrian Arab Rep.,4573,1329,5902
2014,United Rep. of Tanzania,57,41,98
2014,Thailand,24,14,38
2014,Tajikistan,5,5,10
2014,Turkmenistan,28,7,35
2014,Togo,29,7,36
2014,Trinidad and Tobago,29,34,63
2014,Tunisia,34,30,64
2014,Türkiye,1398,449,1847
2014,United Arab Emirates,10,17,27
2014,Uganda,878,249,1127
2014,Unknown ,20021,4884,24905
2014,Ukraine,85,187,272
2014,United States of America,22,35,57
2014,Uzbekistan,58,28,86
2014,Saint Vincent and the Grenadines,8,7,15
2014,Venezuela (Bolivarian Republic of),23,22,45
2014,Western Sahara,11,5,16
2014,Yemen,218,103,321
2014,Zambia,54,38,92
2014,Zimbabwe,9466,631,10097
2015,Afghanistan,9354,2536,11890
2015,Albania,1823,2211,4034
2015,Algeria,334,174,508
2015,Angola,294,71,365
2015,Egypt,473,373,846
2015,Armenia,38,19,57
2015,Australia,5,0,5
2015,Azerbaijan,83,30,113
2015,Bahrain,146,9,155
2015,Barbados,0,8,8
2015,Burundi,76,20,96
2015,Benin,12,0,12
2015,Bangladesh,940,1215,2155
2015,Bhutan,91,5,96
2015,Burkina Faso,5,5,10
2015,Belarus,178,11,189
2015,Bolivia (Plurinational State of),16,7,23
2015,Botswana,17,13,30
2015,Brazil,14,19,33
2015,Bosnia and Herzegovina,37,7,44
2015,Bulgaria,5,0,5
2015,Canada,8,13,21
2015,Central African Rep.,9,5,14
2015,Chad,43,22,65
2015,China,1837,805,2642
2015,Cameroon,383,169,552
2015,Congo,155,46,201
2015,Dem. Rep. of the Congo,1473,294,1767
2015,Comoros,5,0,5
2015,Colombia,60,22,82
2015,Cuba,16,5,21
2015,Cabo Verde,5,0,5
2015,Djibouti,5,0,5
2015,Dominica,5,5,10
2015,Ecuador,19,5,24
2015,Eritrea,12383,2720,15103
2015,Ethiopia,1006,453,1459
2015,Fiji,8,0,8
2015,France,0,5,5
2015,Gambia,1235,245,1480
2015,Palestinian,408,186,594
2015,Georgia,41,56,97
2015,Ghana,216,173,389
2015,Guinea-Bissau,10,5,15
2015,Greece,0,5,5
2015,Grenada,8,11,19
2015,Guatemala,5,6,11
2015,Guinea,326,39,365
2015,Guyana,14,5,19
2015,Honduras,31,5,36
2015,Croatia,5,5,10
2015,Cote d'Ivoire,298,64,362
2015,India,296,805,1101
2015,Indonesia,10,14,24
2015,Iran (Islamic Rep. of),12667,2844,15511
2015,Iraq,3014,2375,5389
2015,Israel,11,5,16
2015,Jamaica,354,131,485
2015,Jordan,46,36,82
2015,Kazakhstan,11,12,23
2015,Kenya,288,100,388
2015,Kyrgyzstan,28,11,39
2015,Rep. of Korea,9,5,14
2015,Dem. People's Rep. of Korea,608,47,655
2015,Kuwait,749,85,834
2015,Lao People's Dem. Rep.,0,5,5
2015,Liberia,7,10,17
2015,Libya,1138,1021,2159
2015,Saint Lucia,10,16,26
2015,Lebanon,129,126,255
2015,Sri Lanka,5279,2535,7814
2015,Lithuania,0,12,12
2015,Latvia,0,6,6
2015,Mauritania,7,0,7
2015,North Macedonia,19,0,19
2015,Rep. of Moldova,21,0,21
2015,Maldives,18,18,36
2015,Mexico,6,16,22
2015,Mali,18,18,36
2015,Malaysia,88,48,136
2015,Malawi,286,119,405
2015,Mongolia,77,28,105
2015,Morocco,134,65,199
2015,Mozambique,5,5,10
2015,Mauritius,35,57,92
2015,Myanmar,942,159,1101
2015,Namibia,14,29,43
2015,Nepal,110,67,177
2015,Niger,7,0,7
2015,Nigeria,1679,1488,3167
2015,Norway,5,0,5
2015,Oman,8,6,14
2015,Pakistan,6319,3071,9390
2015,Philippines,6,57,63
2015,Poland,5,21,26
2015,Portugal,0,5,5
2015,Qatar,5,0,5
2015,Romania,12,6,18
2015,South Africa,150,75,225
2015,Russian Federation,541,141,682
2015,Rwanda,117,21,138
2015,El Salvador,14,31,45
2015,Saudi Arabia,71,42,113
2015,Senegal,68,31,99
2015,Singapore,0,5,5
2015,Sierra Leone,346,107,453
2015,Somalia,6977,417,7394
2015,Serbia and Kosovo: S/RES/1244 (1999),196,27,223
2015,Viet Nam,533,545,1078
2015,South Sudan,23,0,23
2015,Stateless,1407,440,1847
2015,Saint Kitts and Nevis,0,5,5
2015,Sudan,6076,1182,7258
2015,Eswatini,50,17,67
2015,Syrian Arab Rep.,6496,1648,8144
2015,United Rep. of Tanzania,65,48,113
2015,Thailand,25,19,44
2015,Tajikistan,5,5,10
2015,Turkmenistan,22,5,27
2015,Togo,25,5,30
2015,Trinidad and Tobago,42,24,66
2015,Tunisia,31,26,57
2015,Türkiye,984,380,1364
2015,United Arab Emirates,15,17,32
2015,Uganda,966,247,1213
2015,Unknown ,19731,11931,31662
2015,Ukraine,85,139,224
2015,United States of America,35,37,72
2015,Uzbekistan,64,33,97
2015,Saint Vincent and the Grenadines,14,0,14
2015,Venezuela (Bolivarian Republic of),27,11,38
2015,Western Sahara,11,0,11
2015,Yemen,292,94,386
2015,Zambia,64,32,96
2015,Zimbabwe,9045,475,9520
2016,Afghanistan,9752,2793,12545
2016,Albania,2256,2290,4546
2016,Algeria,321,176,497
2016,Angola,272,72,344
2016,Egypt,539,435,974
2016,Argentina,0,5,5
2016,Armenia,42,44,86
2016,Australia,5,5,10
2016,Azerbaijan,79,5,84
2016,Bahrain,153,7,160
2016,Barbados,0,7,7
2016,Burundi,70,18,88
2016,Benin,9,9,18
2016,Bangladesh,1056,1573,2629
2016,Bahamas,5,0,5
2016,Bhutan,89,0,89
2016,Burkina Faso,5,8,13
2016,Belarus,171,20,191
2016,Bolivia (Plurinational State of),15,5,20
2016,Botswana,17,24,41
2016,Brazil,14,28,42
2016,Bosnia and Herzegovina,33,7,40
2016,Belize,5,0,5
2016,Canada,10,12,22
2016,Central African Rep.,9,0,9
2016,Chad,48,14,62
2016,China,1773,739,2512
2016,Cameroon,559,178,737
2016,Congo,144,46,190
2016,Dem. Rep. of the Congo,1308,250,1558
2016,Comoros,5,5,10
2016,Colombia,54,31,85
2016,Cuba,15,5,20
2016,Cabo Verde,5,0,5
2016,Djibouti,5,7,12
2016,Dominica,7,5,12
2016,Ecuador,14,0,14
2016,Eritrea,13720,1512,15232
2016,Ethiopia,1229,366,1595
2016,Fiji,9,0,9
2016,Gambia,1308,197,1505
2016,Palestinian,480,148,628
2016,Georgia,45,64,109
2016,Ghana,251,231,482
2016,Guinea-Bissau,9,0,9
2016,Greece,0,5,5
2016,Grenada,9,17,26
2016,Guatemala,5,9,14
2016,Guinea,303,41,344
2016,Guyana,16,7,23
2016,"China, Hong Kong SAR",0,5,5
2016,Honduras,31,5,36
2016,Croatia,5,5,10
2016,Cote d'Ivoire,264,61,325
2016,India,301,1145,1446
2016,Indonesia,15,14,29
2016,Iran (Islamic Rep. of),14363,2892,17255
2016,Iraq,3687,2736,6423
2016,Israel,10,14,24
2016,Jamaica,364,182,546
2016,Jordan,49,58,107
2016,Japan,0,5,5
2016,Kazakhstan,12,10,22
2016,Kenya,302,127,429
2016,Kyrgyzstan,29,5,34
2016,Rep. of Korea,7,10,17
2016,Dem. People's Rep. of Korea,585,26,611
2016,Kuwait,588,122,710
2016,Liberia,45,8,53
2016,Libya,1368,723,2091
2016,Saint Lucia,16,16,32
2016,Lebanon,129,0,129
2016,Sri Lanka,5809,1717,7526
2016,Lithuania,0,7,7
2016,Mauritania,7,0,7
2016,North Macedonia,20,5,25
2016,Rep. of Moldova,26,0,26
2016,Maldives,24,18,42
2016,Mexico,8,21,29
2016,Mali,19,9,28
2016,Malaysia,106,54,160
2016,Malawi,305,107,412
2016,Mongolia,76,23,99
2016,Morocco,148,90,238
2016,Mozambique,5,0,5
2016,Mauritius,38,63,101
2016,Myanmar,953,87,1040
2016,Namibia,21,39,60
2016,Nepal,20,121,141
2016,Niger,6,0,6
2016,Nigeria,2003,1720,3723
2016,Norway,5,0,5
2016,Oman,12,8,20
2016,Pakistan,6814,2914,9728
2016,Peru,0,5,5
2016,Philippines,13,59,72
2016,Poland,0,6,6
2016,Qatar,5,5,10
2016,Romania,5,6,11
2016,South Africa,162,68,230
2016,Russian Federation,450,146,596
2016,Rwanda,118,22,140
2016,El Salvador,29,72,101
2016,Saudi Arabia,103,46,149
2016,Senegal,73,43,116
2016,Seychelles,0,5,5
2016,Singapore,0,14,14
2016,Sierra Leone,340,87,427
2016,Somalia,5954,405,6359
2016,Serbia and Kosovo: S/RES/1244 (1999),125,43,168
2016,Viet Nam,738,821,1559
2016,South Sudan,25,8,33
2016,Stateless,1841,535,2376
2016,Saint Kitts and Nevis,6,8,14
2016,Sudan,7326,1063,8389
2016,Eswatini,54,6,60
2016,Syrian Arab Rep.,8269,1010,9279
2016,United Rep. of Tanzania,68,30,98
2016,Thailand,25,31,56
2016,Tajikistan,8,7,15
2016,Turkmenistan,18,5,23
2016,Togo,20,5,25
2016,Trinidad and Tobago,51,25,76
2016,Tunisia,35,40,75
2016,Türkiye,893,482,1375
2016,United Arab Emirates,18,5,23
2016,Uganda,1115,177,1292
2016,Unknown ,6775,10957,17732
2016,Ukraine,90,96,186
2016,United States of America,41,34,75
2016,Uzbekistan,68,27,95
2016,Saint Vincent and the Grenadines,14,7,21
2016,Venezuela (Bolivarian Republic of),29,26,55
2016,Western Sahara,11,0,11
2016,Yemen,356,77,433
2016,Zambia,69,29,98
2016,Zimbabwe,8790,361,9151
2017,Afghanistan,9858,2347,12205
2017,Albania,2423,2991,5414
2017,Algeria,323,201,524
2017,Angola,195,60,255
2017,Antigua and Barbuda,0,5,5
2017,Egypt,651,406,1057
2017,Argentina,0,5,5
2017,Armenia,50,40,90
2017,Australia,5,5,10
2017,Azerbaijan,79,58,137
2017,Bahrain,154,18,172
2017,Barbados,5,11,16
2017,Burundi,48,23,71
2017,Benin,6,14,20
2017,Bangladesh,1170,1686,2856
2017,Bahamas,5,0,5
2017,Bhutan,86,0,86
2017,Burkina Faso,5,8,13
2017,Belarus,160,24,184
2017,Bolivia (Plurinational State of),15,7,22
2017,Botswana,19,24,43
2017,Brazil,13,36,49
2017,Bosnia and Herzegovina,27,5,32
2017,Belize,5,0,5
2017,Canada,9,7,16
2017,Central African Rep.,9,0,9
2017,Chad,41,9,50
2017,China,1571,773,2344
2017,Cameroon,534,209,743
2017,Congo,130,36,166
2017,Dem. Rep. of the Congo,1103,241,1344
2017,Comoros,5,8,13
2017,Colombia,40,25,65
2017,Cuba,13,0,13
2017,Cabo Verde,5,0,5
2017,Djibouti,5,5,10
2017,Dominica,11,5,16
2017,Ecuador,14,5,19
2017,Eritrea,13590,950,14540
2017,Ethiopia,1387,494,1881
2017,Fiji,8,0,8
2017,Gambia,1312,136,1448
2017,Palestinian,486,238,724
2017,Georgia,48,74,122
2017,Ghana,278,233,511
2017,Guinea-Bissau,7,0,7
2017,Greece,5,0,5
2017,Grenada,15,15,30
2017,Guatemala,5,10,15
2017,Guinea,263,48,311
2017,Guyana,16,6,22
2017,Haiti,0,8,8
2017,"China, Hong Kong SAR",0,9,9
2017,Honduras,34,6,40
2017,Croatia,0,5,5
2017,Cote d'Ivoire,220,61,281
2017,India,351,1231,1582
2017,Indonesia,16,32,48
2017,Iran (Islamic Rep. of),16085,2187,18272
2017,Iraq,4192,2868,7060
2017,Israel,10,6,16
2017,Italy,0,5,5
2017,Jamaica,358,160,518
2017,Jordan,54,39,93
2017,Kazakhstan,13,26,39
2017,Kenya,277,125,402
2017,Kyrgyzstan,28,11,39
2017,Rep. of Korea,7,9,16
2017,Dem. People's Rep. of Korea,362,36,398
2017,Kuwait,542,159,701
2017,Liberia,34,5,39
2017,Libya,1753,990,2743
2017,Saint Lucia,19,16,35
2017,Lebanon,150,92,242
2017,Lesotho,0,5,5
2017,Sri Lanka,5804,1401,7205
2017,Lithuania,0,7,7
2017,Mauritania,5,0,5
2017,North Macedonia,21,5,26
2017,Rep. of Moldova,18,0,18
2017,Maldives,30,7,37
2017,Mexico,9,29,38
2017,Mali,24,8,32
2017,Malaysia,126,98,224
2017,Malawi,319,102,421
2017,Mongolia,77,28,105
2017,Morocco,167,115,282
2017,Mozambique,5,6,11
2017,Mauritius,43,61,104
2017,Myanmar,836,90,926
2017,Namibia,30,101,131
2017,Nepal,24,135,159
2017,Niger,6,0,6
2017,Nigeria,2205,1749,3954
2017,Norway,5,0,5
2017,Oman,11,11,22
2017,Pakistan,7207,2758,9965
2017,Philippines,18,72,90
2017,Poland,0,5,5
2017,Qatar,6,0,6
2017,Romania,5,0,5
2017,South Africa,168,86,254
2017,Russian Federation,484,167,651
2017,Rwanda,111,28,139
2017,El Salvador,81,45,126
2017,Saudi Arabia,129,55,184
2017,Senegal,79,52,131
2017,Seychelles,0,5,5
2017,Singapore,5,14,19
2017,Sierra Leone,292,81,373
2017,Somalia,4670,347,5017
2017,Serbia and Kosovo: S/RES/1244 (1999),105,46,151
2017,Viet Nam,1015,1199,2214
2017,South Sudan,32,27,59
2017,Stateless,2179,399,2578
2017,Saint Kitts and Nevis,6,7,13
2017,Sudan,8132,1415,9547
2017,Eswatini,57,7,64
2017,Syrian Arab Rep.,9100,574,9674
2017,United Rep. of Tanzania,82,39,121
2017,Thailand,29,38,67
2017,Tajikistan,12,0,12
2017,Turkmenistan,11,5,16
2017,Timor-Leste,0,5,5
2017,Togo,17,7,24
2017,Trinidad and Tobago,64,32,96
2017,Tunisia,39,37,76
2017,Türkiye,864,700,1564
2017,United Arab Emirates,18,5,23
2017,Uganda,1156,163,1319
2017,Unknown ,6126,7693,13819
2017,Ukraine,110,137,247
2017,United States of America,42,52,94
2017,Uzbekistan,69,37,106
2017,Saint Vincent and the Grenadines,17,10,27
2017,Venezuela (Bolivarian Republic of),31,23,54
2017,Western Sahara,11,0,11
2017,Yemen,453,124,577
2017,Zambia,71,26,97
2017,Zimbabwe,8236,287,8523
2018,Afghanistan,9839,2438,12277
2018,Albania,2617,4150,6767
2018,Algeria,337,257,594
2018,Angola,178,66,244
2018,Antigua and Barbuda,5,0,5
2018,Egypt,758,327,1085
2018,Armenia,59,10,69
2018,Australia,5,7,12
2018,Azerbaijan,134,56,190
2018,Bahrain,168,11,179
2018,Barbados,11,0,11
2018,Burundi,50,11,61
2018,Benin,7,15,22
2018,Bangladesh,1363,1483,2846
2018,Bahamas,5,5,10
2018,Bhutan,71,0,71
2018,Burkina Faso,7,5,12
2018,Belarus,131,17,148
2018,Bolivia (Plurinational State of),14,20,34
2018,Botswana,22,38,60
2018,Brazil,16,62,78
2018,Bosnia and Herzegovina,21,5,26
2018,Belize,5,0,5
2018,Canada,10,0,10
2018,Central African Rep.,10,0,10
2018,Chad,41,23,64
2018,China,1465,952,2417
2018,Chile,0,6,6
2018,Cameroon,633,189,822
2018,Congo,122,23,145
2018,Dem. Rep. of the Congo,1091,198,1289
2018,Comoros,5,5,10
2018,Colombia,31,21,52
2018,Costa Rica,0,5,5
2018,Cuba,12,0,12
2018,Cabo Verde,5,0,5
2018,Cyprus,0,5,5
2018,Djibouti,5,5,10
2018,Dominica,17,7,24
2018,Ecuador,9,9,18
2018,Eritrea,13041,1833,14874
2018,Ethiopia,1601,500,2101
2018,Fiji,8,0,8
2018,Gabon,5,0,5
2018,Gambia,1308,113,1421
2018,Palestinian,536,259,795
2018,Georgia,68,80,148
2018,Germany,0,5,5
2018,Ghana,315,260,575
2018,Guinea-Bissau,7,5,12
2018,Greece,5,0,5
2018,Grenada,20,16,36
2018,Guatemala,7,5,12
2018,Guinea,258,49,307
2018,Guyana,20,0,20
2018,Haiti,0,9,9
2018,"China, Hong Kong SAR",0,11,11
2018,Honduras,38,60,98
2018,Cote d'Ivoire,223,73,296
2018,India,396,1667,2063
2018,Indonesia,23,27,50
2018,Iran (Islamic Rep. of),17231,3276,20507
2018,Iraq,4708,3420,8128
2018,Israel,6,5,11
2018,Jamaica,376,138,514
2018,Jordan,70,56,126
2018,Japan,0,5,5
2018,Kazakhstan,19,35,54
2018,Kenya,289,195,484
2018,Kyrgyzstan,34,15,49
2018,Rep. of Korea,6,0,6
2018,Dem. People's Rep. of Korea,81,29,110
2018,Kuwait,583,424,1007
2018,Lao People's Dem. Rep.,5,0,5
2018,Liberia,31,11,42
2018,Libya,3003,815,3818
2018,Saint Lucia,22,19,41
2018,Lebanon,171,50,221
2018,Lesotho,0,5,5
2018,Sri Lanka,5711,1019,6730
2018,Lithuania,0,5,5
2018,Mauritania,6,5,11
2018,North Macedonia,20,0,20
2018,Rep. of Moldova,16,5,21
2018,Maldives,37,10,47
2018,Mexico,12,17,29
2018,Mali,19,11,30
2018,Malaysia,210,190,400
2018,Malawi,329,90,419
2018,Mongolia,76,37,113
2018,Morocco,198,114,312
2018,Mozambique,5,5,10
2018,Mauritius,48,81,129
2018,Myanmar,721,61,782
2018,Namibia,55,248,303
2018,Nepal,38,172,210
2018,Niger,6,5,11
2018,Nicaragua,0,35,35
2018,Nigeria,2535,1755,4290
2018,Norway,5,0,5
2018,Oman,16,11,27
2018,Pakistan,7742,2618,10360
2018,Philippines,30,105,135
2018,Qatar,5,0,5
2018,Romania,5,5,10
2018,South Africa,167,118,285
2018,Russian Federation,571,219,790
2018,Rwanda,116,26,142
2018,El Salvador,102,161,263
2018,Saudi Arabia,165,74,239
2018,Senegal,105,21,126
2018,Seychelles,5,0,5
2018,Singapore,5,5,10
2018,Sierra Leone,310,98,408
2018,Somalia,3920,396,4316
2018,Serbia and Kosovo: S/RES/1244 (1999),90,46,136
2018,Viet Nam,1416,1597,3013
2018,South Sudan,44,22,66
2018,Stateless,2502,484,2986
2018,Saint Kitts and Nevis,8,11,19
2018,Sudan,8959,1705,10664
2018,Eswatini,57,0,57
2018,Syrian Arab Rep.,9720,685,10405
2018,United Rep. of Tanzania,92,58,150
2018,Thailand,38,43,81
2018,Tajikistan,10,7,17
2018,Turkmenistan,15,17,32
2018,Timor-Leste,0,5,5
2018,Togo,18,9,27
2018,Trinidad and Tobago,81,33,114
2018,Tunisia,53,43,96
2018,Türkiye,1267,742,2009
2018,United Arab Emirates,20,8,28
2018,Uganda,1216,183,1399
2018,Unknown ,6175,7156,13331
2018,Ukraine,144,178,322
2018,United States of America,52,52,104
2018,Uzbekistan,71,22,93
2018,Saint Vincent and the Grenadines,26,10,36
2018,Venezuela (Bolivarian Republic of),41,21,62
2018,Western Sahara,11,5,16
2018,Yemen,624,168,792
2018,Zambia,82,28,110
2018,Zimbabwe,6772,273,7045
2019,Afghanistan,9513,2890,12403
2019,Albania,3182,6787,9969
2019,Algeria,344,353,697
2019,Angola,180,143,323
2019,Antigua and Barbuda,5,9,14
2019,Egypt,860,510,1370
2019,Argentina,0,10,10
2019,Armenia,63,13,76
2019,Australia,5,0,5
2019,Azerbaijan,159,57,216
2019,Bahrain,177,12,189
2019,Barbados,13,5,18
2019,Burundi,54,12,66
2019,Benin,9,12,21
2019,Bangladesh,1601,2329,3930
2019,Bahamas,5,0,5
2019,Bhutan,64,0,64
2019,Burkina Faso,8,14,22
2019,Belarus,124,18,142
2019,Bolivia (Plurinational State of),18,33,51
2019,Botswana,33,63,96
2019,Brazil,28,143,171
2019,Bosnia and Herzegovina,19,6,25
2019,Belize,5,0,5
2019,Canada,11,7,18
2019,Central African Rep.,11,10,21
2019,Chad,55,82,137
2019,China,1389,1689,3078
2019,Chile,0,8,8
2019,Cameroon,698,361,1059
2019,Congo,102,42,144
2019,Dem. Rep. of the Congo,1067,229,1296
2019,Comoros,5,0,5
2019,Colombia,24,61,85
2019,Costa Rica,0,6,6
2019,Cuba,10,11,21
2019,Cabo Verde,5,0,5
2019,Cyprus,0,6,6
2019,Djibouti,5,0,5
2019,Dominica,21,39,60
2019,Dominican Rep.,0,13,13
2019,Ecuador,9,11,20
2019,Eritrea,13755,1647,15402
2019,Ethiopia,1754,607,2361
2019,Fiji,9,5,14
2019,Gabon,5,0,5
2019,Gambia,1254,157,1411
2019,Palestinian,608,345,953
2019,Georgia,74,260,334
2019,Germany,0,5,5
2019,Ghana,340,388,728
2019,Guinea-Bissau,8,0,8
2019,Greece,5,0,5
2019,Grenada,24,29,53
2019,Guatemala,9,11,20
2019,Guinea,249,100,349
2019,Guyana,20,9,29
2019,Haiti,0,10,10
2019,"China, Hong Kong SAR",0,16,16
2019,Honduras,50,203,253
2019,Cote d'Ivoire,236,81,317
2019,India,463,2248,2711
2019,Indonesia,28,49,77
2019,Iran (Islamic Rep. of),19744,4845,24589
2019,Iraq,5752,5338,11090
2019,Israel,7,10,17
2019,Italy,0,5,5
2019,Jamaica,369,169,538
2019,Jordan,73,99,172
2019,Japan,0,9,9
2019,Kazakhstan,22,66,88
2019,Kenya,303,268,571
2019,Kyrgyzstan,38,22,60
2019,Rep. of Korea,6,0,6
2019,Dem. People's Rep. of Korea,78,24,102
2019,Kuwait,640,342,982
2019,Lao People's Dem. Rep.,5,0,5
2019,Liberia,32,17,49
2019,Libya,3755,896,4651
2019,Saint Lucia,24,22,46
2019,Lebanon,180,126,306
2019,Lesotho,0,5,5
2019,Sri Lanka,5522,1419,6941
2019,"China, Macao SAR",0,5,5
2019,Mauritania,6,5,11
2019,North Macedonia,20,7,27
2019,Rep. of Moldova,12,5,17
2019,Maldives,40,5,45
2019,Mexico,13,23,36
2019,Mali,22,26,48
2019,Malaysia,248,331,579
2019,Malawi,347,85,432
2019,Mongolia,75,66,141
2019,Morocco,220,206,426
2019,Mozambique,6,7,13
2019,Mauritius,57,103,160
2019,Myanmar,613,54,667
2019,Namibia,107,659,766
2019,Nepal,47,287,334
2019,Netherlands (Kingdom of the),5,0,5
2019,Niger,190,11,201
2019,Nicaragua,12,86,98
2019,Nigeria,2816,2237,5053
2019,Norway,5,0,5
2019,Oman,19,17,36
2019,Pakistan,8164,3910,12074
2019,Philippines,40,179,219
2019,Qatar,5,10,15
2019,Romania,5,6,11
2019,South Africa,156,152,308
2019,Russian Federation,722,453,1175
2019,Rwanda,118,31,149
2019,El Salvador,304,998,1302
2019,Saudi Arabia,212,152,364
2019,Senegal,108,45,153
2019,Seychelles,5,6,11
2019,Singapore,5,5,10
2019,Sierra Leone,326,157,483
2019,Somalia,3271,508,3779
2019,Serbia and Kosovo: S/RES/1244 (1999),86,55,141
2019,Viet Nam,1928,2494,4422
2019,South Sudan,55,29,84
2019,Stateless,2858,1050,3908
2019,Saint Kitts and Nevis,8,12,20
2019,Sudan,10575,1523,12098
2019,Eswatini,57,0,57
2019,Syrian Arab Rep.,10389,1228,11617
2019,United Rep. of Tanzania,98,100,198
2019,Thailand,41,66,107
2019,Tajikistan,10,11,21
2019,Turkmenistan,12,22,34
2019,Togo,18,15,33
2019,Trinidad and Tobago,89,92,181
2019,Tunisia,60,60,120
2019,Türkiye,1970,1206,3176
2019,United Arab Emirates,23,8,31
2019,Uganda,1237,248,1485
2019,Unknown ,6277,5905,12182
2019,Ukraine,185,233,418
2019,United States of America,58,81,139
2019,Uzbekistan,76,47,123
2019,Saint Vincent and the Grenadines,35,16,51
2019,Venezuela (Bolivarian Republic of),51,42,93
2019,Western Sahara,12,0,12
2019,Yemen,819,290,1109
2019,Zambia,89,41,130
2019,Zimbabwe,2324,390,2714
2020,Afghanistan,9351,3227,12578
2020,Albania,3687,8491,12178
2020,Algeria,336,403,739
2020,Angola,154,147,301
2020,Antigua and Barbuda,5,16,21
2020,Egypt,938,662,1600
2020,Argentina,0,21,21
2020,Armenia,62,13,75
2020,Australia,5,0,5
2020,Azerbaijan,140,48,188
2020,Bahrain,181,8,189
2020,Barbados,14,9,23
2020,Burundi,55,16,71
2020,Benin,8,21,29
2020,Bangladesh,1667,2605,4272
2020,Bhutan,47,0,47
2020,Burkina Faso,11,14,25
2020,Belarus,121,33,154
2020,Bolivia (Plurinational State of),22,24,46
2020,Botswana,30,85,115
2020,Brazil,29,245,274
2020,Bosnia and Herzegovina,10,7,17
2020,Belize,0,5,5
2020,Canada,11,11,22
2020,Central African Rep.,9,12,21
2020,Chad,67,172,239
2020,China,1286,2040,3326
2020,Chile,0,14,14
2020,Cameroon,738,374,1112
2020,Congo,94,59,153
2020,Dem. Rep. of the Congo,1024,206,1230
2020,Comoros,5,0,5
2020,Colombia,23,52,75
2020,Costa Rica,0,5,5
2020,Cuba,11,17,28
2020,Cabo Verde,5,0,5
2020,Cyprus,0,7,7
2020,Djibouti,5,5,10
2020,Dominica,24,21,45
2020,Dominican Rep.,0,5,5
2020,Ecuador,9,16,25
2020,Equatorial Guinea,0,5,5
2020,Eritrea,14016,3111,17127
2020,Ethiopia,1824,680,2504
2020,Fiji,9,0,9
2020,Gabon,5,10,15
2020,Gambia,1096,218,1314
2020,Palestinian,647,435,1082
2020,Georgia,77,334,411
2020,Ghana,360,411,771
2020,Guinea-Bissau,7,8,15
2020,Greece,5,0,5
2020,Grenada,26,38,64
2020,Guatemala,9,17,26
2020,Guinea,224,126,350
2020,Guyana,20,9,29
2020,Haiti,0,10,10
2020,"China, Hong Kong SAR",5,71,76
2020,Honduras,74,366,440
2020,Cote d'Ivoire,230,100,330
2020,India,496,2277,2773
2020,Indonesia,34,86,120
2020,Iran (Islamic Rep. of),20433,6389,26822
2020,Iraq,6399,6090,12489
2020,Israel,7,16,23
2020,Italy,0,5,5
2020,Jamaica,324,212,536
2020,Jordan,88,120,208
2020,Japan,0,6,6
2020,Kazakhstan,27,57,84
2020,Kenya,309,355,664
2020,Kyrgyzstan,37,27,64
2020,Rep. of Korea,7,0,7
2020,Dem. People's Rep. of Korea,72,26,98
2020,Kuwait,670,454,1124
2020,Lao People's Dem. Rep.,5,5,10
2020,Liberia,29,30,59
2020,Libya,4352,816,5168
2020,Saint Lucia,27,37,64
2020,Lebanon,179,159,338
2020,Sri Lanka,5338,1586,6924
2020,Lithuania,0,5,5
2020,"China, Macao SAR",0,5,5
2020,Mauritania,7,7,14
2020,North Macedonia,20,10,30
2020,Rep. of Moldova,9,0,9
2020,Maldives,42,7,49
2020,Mexico,14,0,14
2020,Marshall Islands,0,50,50
2020,Mali,27,50,77
2020,Malaysia,297,381,678
2020,Malawi,328,81,409
2020,Mongolia,71,60,131
2020,Morocco,223,310,533
2020,Mozambique,7,6,13
2020,Mauritius,66,109,175
2020,Myanmar,511,64,575
2020,Namibia,128,728,856
2020,Nepal,53,336,389
2020,Netherlands (Kingdom of the),5,0,5
2020,Niger,190,12,202
2020,Nicaragua,36,72,108
2020,Nigeria,3059,2423,5482
2020,Norway,5,0,5
2020,Oman,20,22,42
2020,Pakistan,8350,4241,12591
2020,Peru,0,6,6
2020,Philippines,47,375,422
2020,Poland,0,5,5
2020,Qatar,8,13,21
2020,Romania,5,8,13
2020,South Africa,143,143,286
2020,Russian Federation,809,594,1403
2020,Rwanda,119,40,159
2020,El Salvador,551,1598,2149
2020,Saudi Arabia,256,148,404
2020,Senegal,107,59,166
2020,Seychelles,5,5,10
2020,Singapore,5,9,14
2020,Sierra Leone,325,299,624
2020,Somalia,2855,674,3529
2020,Serbia and Kosovo: S/RES/1244 (1999),86,60,146
2020,Viet Nam,2259,2946,5205
2020,South Sudan,67,50,117
2020,Stateless,2936,1517,4453
2020,Saint Kitts and Nevis,5,13,18
2020,Sudan,10994,2280,13274
2020,Eswatini,56,5,61
2020,Sweden,0,5,5
2020,Syrian Arab Rep.,10919,2231,13150
2020,United Rep. of Tanzania,107,90,197
2020,Thailand,35,92,127
2020,Tajikistan,14,6,20
2020,Turkmenistan,17,26,43
2020,Togo,17,34,51
2020,Trinidad and Tobago,97,106,203
2020,Tunisia,65,75,140
2020,Türkiye,2223,1593,3816
2020,United Arab Emirates,25,13,38
2020,Uganda,1231,297,1528
2020,Unknown ,1673,7457,9130
2020,Ukraine,208,228,436
2020,United States of America,62,103,165
2020,Uzbekistan,82,58,140
2020,Saint Vincent and the Grenadines,36,21,57
2020,Venezuela (Bolivarian Republic of),61,41,102
2020,Samoa,0,5,5
2020,Western Sahara,11,0,11
2020,Yemen,981,604,1585
2020,Zambia,89,49,138
2020,Zimbabwe,1594,467,2061
2021,Afghanistan,9642,4943,14585
2021,Albania,4153,12103,16256
2021,Algeria,312,529,841
2021,Angola,139,154,293
2021,Antigua and Barbuda,5,12,17
2021,Egypt,978,1039,2017
2021,Argentina,0,22,22
2021,Armenia,56,10,66
2021,Australia,5,0,5
2021,Azerbaijan,143,71,214
2021,Bahrain,116,6,122
2021,Barbados,15,17,32
2021,Burundi,52,19,71
2021,Benin,9,29,38
2021,Bangladesh,1781,3114,4895
2021,Bhutan,23,0,23
2021,Burkina Faso,12,12,24
2021,Belarus,101,72,173
2021,Bolivia (Plurinational State of),19,19,38
2021,Botswana,33,105,138
2021,Brazil,39,273,312
2021,Bosnia and Herzegovina,12,5,17
2021,Belize,0,5,5
2021,Canada,11,15,26
2021,Central African Rep.,10,16,26
2021,Chad,107,282,389
2021,China,1026,2428,3454
2021,Chile,0,10,10
2021,Cameroon,776,378,1154
2021,Congo,89,60,149
2021,Dem. Rep. of the Congo,929,225,1154
2021,Comoros,5,0,5
2021,Colombia,15,58,73
2021,Costa Rica,0,7,7
2021,Cuba,12,16,28
2021,Cabo Verde,5,0,5
2021,Cyprus,0,5,5
2021,Djibouti,6,5,11
2021,Dominica,22,25,47
2021,Dominican Rep.,0,5,5
2021,Ecuador,5,18,23
2021,Equatorial Guinea,0,9,9
2021,Eritrea,14753,6489,21242
2021,Ethiopia,1921,1323,3244
2021,Fiji,8,0,8
2021,Gabon,8,7,15
2021,Gambia,923,276,1199
2021,Palestinian,599,548,1147
2021,United Kingdom of Great Britain and Northern Ireland,20,0,20
2021,Georgia,74,715,789
2021,Ghana,364,426,790
2021,Guinea-Bissau,7,8,15
2021,Greece,5,5,10
2021,Grenada,24,43,67
2021,Guatemala,9,26,35
2021,Guinea,210,146,356
2021,Guyana,20,6,26
2021,Haiti,0,11,11
2021,"China, Hong Kong SAR",15,0,15
2021,Honduras,119,765,884
2021,Cote d'Ivoire,197,109,306
2021,India,508,2679,3187
2021,Indonesia,41,89,130
2021,Iran (Islamic Rep. of),21434,13754,35188
2021,Iraq,7263,12068,19331
2021,Israel,120,15,135
2021,Italy,5,0,5
2021,Jamaica,264,201,465
2021,Jordan,110,132,242
2021,Japan,0,7,7
2021,Kazakhstan,42,66,108
2021,Kenya,316,342,658
2021,Kyrgyzstan,38,20,58
2021,Rep. of Korea,5,0,5
2021,Dem. People's Rep. of Korea,51,21,72
2021,Kuwait,692,1062,1754
2021,Lao People's Dem. Rep.,5,0,5
2021,Liberia,29,28,57
2021,Libya,4468,856,5324
2021,Saint Lucia,26,44,70
2021,Lebanon,205,176,381
2021,Sri Lanka,4668,1591,6259
2021,Lithuania,0,5,5
2021,Mauritania,7,7,14
2021,North Macedonia,15,11,26
2021,Rep. of Moldova,5,5,10
2021,Maldives,46,0,46
2021,Mexico,16,75,91
2021,Mali,28,67,95
2021,Malaysia,307,417,724
2021,Malawi,293,73,366
2021,Mongolia,53,66,119
2021,Morocco,221,368,589
2021,Mozambique,7,5,12
2021,Mauritius,69,106,175
2021,Myanmar,367,87,454
2021,Namibia,193,784,977
2021,Nepal,63,447,510
2021,Netherlands (Kingdom of the),5,0,5
2021,Niger,194,24,218
2021,Nicaragua,54,165,219
2021,Nigeria,3101,3001,6102
2021,Norway,5,0,5
2021,Oman,22,24,46
2021,Pakistan,8245,4420,12665
2021,Peru,0,9,9
2021,Philippines,61,592,653
2021,Poland,0,5,5
2021,Qatar,17,11,28
2021,Romania,0,11,11
2021,South Africa,126,119,245
2021,Russian Federation,876,704,1580
2021,Rwanda,98,38,136
2021,El Salvador,820,2287,3107
2021,Saudi Arabia,288,195,483
2021,Senegal,98,66,164
2021,Seychelles,9,0,9
2021,Singapore,5,10,15
2021,Sierra Leone,328,309,637
2021,Somalia,2488,1141,3629
2021,Serbia and Kosovo: S/RES/1244 (1999),77,56,133
2021,Viet Nam,2772,3904,6676
2021,South Sudan,78,135,213
2021,Stateless,3070,1849,4919
2021,Saint Kitts and Nevis,6,21,27
2021,Sudan,11305,3577,14882
2021,Eswatini,55,5,60
2021,Sweden,0,5,5
2021,Syrian Arab Rep.,11980,4795,16775
2021,United Rep. of Tanzania,106,91,197
2021,Thailand,36,115,151
2021,Tajikistan,14,10,24
2021,Turkmenistan,21,41,62
2021,Togo,15,35,50
2021,Trinidad and Tobago,99,154,253
2021,Tunisia,66,106,172
2021,Türkiye,2646,1756,4402
2021,United Arab Emirates,22,14,36
2021,Uganda,1157,265,1422
2021,Unknown ,1807,336,2143
2021,Ukraine,225,266,491
2021,United States of America,67,121,188
2021,Uzbekistan,70,67,137
2021,Vanuatu,0,6,6
2021,Saint Vincent and the Grenadines,39,33,72
2021,Venezuela (Bolivarian Republic of),67,31,98
2021,Samoa,0,5,5
2021,Western Sahara,12,5,17
2021,Yemen,1251,769,2020
2021,Zambia,82,53,135
2021,Zimbabwe,1174,442,1616
2022,Afghanistan,11265,13056,24321
2022,Albania,4697,24747,29444
2022,Algeria,305,786,1091
2022,Angola,141,147,288
2022,Antigua and Barbuda,10,13,23
2022,Egypt,1062,2054,3116
2022,Argentina,0,33,33
2022,Armenia,52,19,71
2022,Australia,5,6,11
2022,Azerbaijan,149,108,257
2022,Bahrain,87,34,121
2022,Barbados,15,19,34
2022,Burundi,54,27,81
2022,Benin,11,34,45
2022,Bangladesh,1943,6404,8347
2022,Bhutan,15,0,15
2022,Burkina Faso,13,33,46
2022,Belarus,98,125,223
2022,Bolivia (Plurinational State of),23,56,79
2022,Botswana,37,250,287
2022,Brazil,46,773,819
2022,Bosnia and Herzegovina,5,5,10
2022,Bulgaria,0,5,5
2022,Belize,0,5,5
2022,Canada,11,36,47
2022,Central African Rep.,14,16,30
2022,Chad,167,405,572
2022,China,928,2747,3675
2022,Chile,0,11,11
2022,Cameroon,826,491,1317
2022,Congo,88,94,182
2022,Dem. Rep. of the Congo,856,287,1143
2022,Colombia,15,144,159
2022,Costa Rica,0,13,13
2022,Cuba,16,34,50
2022,Cabo Verde,5,0,5
2022,Cyprus,0,13,13
2022,Czechia,0,7,7
2022,Djibouti,6,6,12
2022,Dominica,22,63,85
2022,Dominican Rep.,0,5,5
2022,Ecuador,5,53,58
2022,Equatorial Guinea,5,8,13
2022,Eritrea,16703,7032,23735
2022,Ethiopia,2211,1692,3903
2022,Gabon,9,7,16
2022,Gambia,739,303,1042
2022,Palestinian,691,581,1272
2022,United Kingdom of Great Britain and Northern Ireland,20,0,20
2022,Georgia,80,1820,1900
2022,Germany,0,5,5
2022,Ghana,338,470,808
2022,Guinea-Bissau,9,5,14
2022,Greece,5,13,18
2022,Grenada,24,72,96
2022,Guatemala,9,57,66
2022,Guinea,209,155,364
2022,Guyana,18,9,27
2022,Haiti,0,11,11
2022,"China, Hong Kong SAR",27,143,170
2022,Honduras,148,1658,1806
2022,Hungary,0,25,25
2022,Cote d'Ivoire,174,126,300
2022,India,517,4640,5157
2022,Indonesia,49,174,223
2022,Iran (Islamic Rep. of),22707,18593,41300
2022,Iraq,8272,15887,24159
2022,Israel,121,36,157
2022,Italy,5,5,10
2022,Jamaica,244,198,442
2022,Jordan,121,117,238
2022,Japan,0,9,9
2022,Kazakhstan,50,155,205
2022,Kenya,337,390,727
2022,Kyrgyzstan,36,142,178
2022,Rep. of Korea,5,11,16
2022,Dem. People's Rep. of Korea,35,14,49
2022,Kuwait,750,1459,2209
2022,Lao People's Dem. Rep.,5,0,5
2022,Liberia,26,32,58
2022,Libya,4683,1134,5817
2022,Saint Lucia,30,64,94
2022,Lebanon,233,208,441
2022,Sri Lanka,4159,2222,6381
2022,Lithuania,0,14,14
2022,Latvia,0,5,5
2022,"China, Macao SAR",0,5,5
2022,Mauritania,7,11,18
2022,North Macedonia,14,18,32
2022,Rep. of Moldova,5,15,20
2022,Maldives,43,7,50
2022,Mexico,13,105,118
2022,Mali,38,75,113
2022,Malaysia,336,603,939
2022,Malawi,244,88,332
2022,Montenegro,0,5,5
2022,Mongolia,46,63,109
2022,Morocco,261,459,720
2022,Mozambique,6,5,11
2022,Mauritius,63,165,228
2022,Myanmar,319,210,529
2022,Namibia,234,1194,1428
2022,Nepal,74,1529,1603
2022,Netherlands (Kingdom of the),5,0,5
2022,Niger,194,27,221
2022,Nicaragua,73,315,388
2022,Nigeria,3181,3391,6572
2022,Norway,5,0,5
2022,Oman,22,42,64
2022,Pakistan,7896,5859,13755
2022,Panama,0,6,6
2022,Peru,0,18,18
2022,Philippines,66,1073,1139
2022,Poland,0,46,46
2022,Portugal,0,5,5
2022,Qatar,17,18,35
2022,Romania,0,20,20
2022,South Africa,121,150,271
2022,Russian Federation,1029,972,2001
2022,Rwanda,103,55,158
2022,El Salvador,1168,2709,3877
2022,Saudi Arabia,324,345,669
2022,Senegal,92,85,177
2022,Seychelles,9,0,9
2022,Singapore,5,10,15
2022,Sierra Leone,348,338,686
2022,Somalia,2357,1247,3604
2022,Serbia and Kosovo: S/RES/1244 (1999),67,101,168
2022,Viet Nam,3378,3689,7067
2022,South Sudan,125,240,365
2022,Stateless,3183,1894,5077
2022,Saint Kitts and Nevis,7,22,29
2022,Sudan,11807,5369,17176
2022,Slovakia,0,5,5
2022,Eswatini,49,7,56
2022,Sweden,0,6,6
2022,Syrian Arab Rep.,12682,7372,20054
2022,United Rep. of Tanzania,119,109,228
2022,Thailand,33,213,246
2022,Tajikistan,19,300,319
2022,Turkmenistan,21,55,76
2022,Timor-Leste,0,14,14
2022,Togo,18,30,48
2022,Trinidad and Tobago,105,226,331
2022,Tunisia,73,217,290
2022,Türkiye,3114,3145,6259
2022,United Arab Emirates,24,19,43
2022,Uganda,1086,349,1435
2022,Unknown ,2252,6750,9002
2022,Ukraine,182423,976,183399
2022,United States of America,67,147,214
2022,Uzbekistan,64,387,451
2022,Vanuatu,0,8,8
2022,Saint Vincent and the Grenadines,39,59,98
2022,Venezuela (Bolivarian Republic of),67,43,110
2022,Western Sahara,11,5,16
2022,Yemen,1647,938,2585
2022,Zambia,81,63,144
2022,Zimbabwe,914,378,1292